% # columns="iteration, evaluation, sigma, max axis length,  min axis length, all principal axes lengths  (sorted square roots of eigenvalues of C)", seed=140537, Thu Apr  2 03:35:09 2026
1 12 0.27885239402410755 1.0000472233372089 1.0 1.0 1.0000027777816358 1.0000055555709877 1.0000083333680556 1.0000111111728396 1.00001388898534 1.0000166668055563 1.000019444633489 1.0000222224691375 1.0000250003125026 1.0000277781635838 1.0000305560223812 1.0000333338888951 1.0000361117631251 1.0000388896450716 1.0000416675347343 1.0000444454321133 1.0000472233372089
2 24 0.27419393151496413 1.058829440331729 0.950662530783423 0.950662530783423 0.9635118875015128 0.9696662124244839 0.9875171909948542 0.993158811747691 0.9971396691976621 1.0000083187733897 1.0000158995808797 1.0000196182510923 1.0000234999341235 1.0000324902034927 1.000034449766057 1.0006651072170296 1.004982922810525 1.0073241150333938 1.0153946447824398 1.0282528356272393 1.058829440331729
3 36 0.2658775362608808 1.0795366390270478 0.9416865461443129 0.9416865461443129 0.9498559552662516 0.9586799321700747 0.9660788816769607 0.9801097611158155 0.984073447766211 0.9918947085315291 0.9957276111758773 0.9990284559378296 0.9991778684862537 1.0017126405722174 1.0046606115076542 1.0101729917006854 1.0127058514590659 1.0221451718295211 1.0305050206220745 1.0541937325957984 1.0795366390270478
4 48 0.26421090185092033 1.0854639759604798 0.9255498826032152 0.9255498826032152 0.9394961636106554 0.9452773837731487 0.963452025163046 0.9702710515577276 0.9703618826732161 0.9783602844518359 0.9871478522341942 0.9965861192706585 1.0015359737604321 1.0038009854777334 1.005888496801001 1.0105966567583573 1.0182437097177095 1.0272495001820803 1.0358539203739356 1.0749787751778517 1.0854639759604798
5 60 0.2625933109860618 1.1012212518150677 0.8976273485771703 0.8976273485771703 0.9130388045817222 0.9459050932500427 0.9505973159973362 0.9637618987943138 0.9746908412453372 0.9826533608449092 0.9866406054558029 0.9968798430636822 1.0013450985189736 1.0072351909718094 1.0081531389570266 1.0152393845470586 1.0282936494343906 1.0311008051428328 1.0411256653479448 1.0780403523002822 1.1012212518150677
6 72 0.2603199152055123 1.1264329965508226 0.8827741921529768 0.8827741921529768 0.9067230649123494 0.9352037320960658 0.9439452795219027 0.9530044462040453 0.9646019900207465 0.9791187802586042 0.9880274699905224 0.9899120033492764 1.0020046961569893 1.0041278516929548 1.015745547024237 1.019951043681645 1.0266767370928127 1.0368151409984259 1.039273486746017 1.08668785542681 1.1264329965508226
7 84 0.26003651774567094 1.1460814115164935 0.8845850396917233 0.8845850396917233 0.904335983106834 0.9295505040925864 0.938688127097544 0.957810822697541 0.966677729508899 0.9749980412169428 0.9804693500899878 0.9856471641073793 0.9882434250339659 1.0008639043818015 1.01279044926541 1.0223324719842963 1.0245970208967892 1.032474210129036 1.0388537710860508 1.0834246865360264 1.1460814115164935
8 96 0.2625669450158057 1.1692891097098737 0.8825806932908158 0.8825806932908158 0.9015518397349118 0.9098854520544272 0.9296838036461321 0.9511150222262073 0.9669635450470468 0.9690175423793549 0.9779302537418656 0.9804636543058621 0.9937672322396518 0.99997541244464 1.012116981635156 1.0237008381768125 1.025382014335549 1.030438310805755 1.057731490271928 1.0918692074531116 1.1692891097098737
9 108 0.26288217048957296 1.2057962501409996 0.8754394039265707 0.8754394039265707 0.8932183473678463 0.9046892021963232 0.9266640192312471 0.9360102716886136 0.9544473057238306 0.9609251079608594 0.9748722832338731 0.9764329558273368 0.9909468415385061 1.0003594610802198 1.0040313352931631 1.0228353852229317 1.023257068068266 1.0330144740679839 1.0658538805913826 1.0886789732263586 1.2057962501409996
10 120 0.26381008945404594 1.219728650104911 0.8730950515872 0.8730950515872 0.897201472190616 0.9055196676365691 0.9256578969096895 0.9300204115081989 0.9485310919476041 0.9564845084434725 0.9746970875168829 0.9829807163156652 0.9874943391690946 0.9944556241856424 1.0020476654381791 1.013915649069539 1.0210073149957468 1.0302266799526765 1.0635282527971088 1.087220336082977 1.219728650104911
11 132 0.27614136146995694 1.2380631836185358 0.8666579784294242 0.8666579784294242 0.888087832430877 0.9067414792214865 0.9166348742350329 0.9282791389629971 0.9399894498480564 0.960827708196754 0.9654478988571599 0.9733628901794824 0.9914173891249354 0.9950734435105432 1.0010069960603092 1.0073221558912673 1.033127185911679 1.0361618865969549 1.0717428967376377 1.0929859453613404 1.2380631836185358
12 144 0.29382048564142277 1.250515495209289 0.8682373987675364 0.8682373987675364 0.8813147489452784 0.8998803945189555 0.9191469620159299 0.9226389384171811 0.9441776651890874 0.9497333053435076 0.9659876183945129 0.9766825744253915 0.9812836671158867 0.9877210698222051 0.9994836118503947 1.0033892643752815 1.0265964475305895 1.040837749277303 1.086821883005865 1.110260872758312 1.250515495209289
13 156 0.30644632014849466 1.260633567492833 0.8671734889901916 0.8671734889901916 0.877540539179572 0.8874572296757111 0.9152684968195233 0.9182720522005876 0.9294804800175466 0.9459600686996277 0.9641911650870925 0.9765428880445275 0.9851189863647343 0.9862222363031364 0.995557291027078 1.0164811652521566 1.0263212770049523 1.0567295412109066 1.0844273804487838 1.137601024412266 1.260633567492833
14 168 0.3188632053405669 1.2776814904285985 0.8715033949540987 0.8715033949540987 0.8741482290842738 0.8841851156681959 0.9012806465760741 0.9190495289326349 0.9309538999769135 0.9416933021883436 0.9588218891642787 0.9687675028978393 0.9743507340668583 0.9845292662892179 0.9988733572556946 1.0246675542470085 1.0282642683444398 1.062996410659083 1.078605186579429 1.1661526259225607 1.2776814904285985
15 180 0.33085652069566096 1.3250512939642753 0.8615956059873934 0.8615956059873934 0.8769920618531725 0.8843516526341841 0.8988621911067889 0.9164593379952565 0.9275175800937695 0.9402800590665398 0.9549174666674592 0.9651712207130455 0.9699503118014974 0.9826941463829423 0.999233002089957 1.02375062045495 1.0328529224473264 1.058645371003291 1.0833399420699907 1.1702285026714618 1.3250512939642753
16 192 0.3312133038251015 1.3668464526701924 0.8461635034222043 0.8461635034222043 0.8784402724702993 0.8798309144268581 0.8980197710920211 0.9014046720216503 0.9230681617737789 0.9366971452163751 0.9541783321359647 0.9650276647079689 0.9687045538058392 0.9923707632361899 0.9977858377537662 1.0136430320468426 1.0306394590320944 1.059808245180366 1.0785292282288255 1.1766290792909728 1.3668464526701924
17 204 0.3390419672831931 1.3893979537184324 0.8381988930253526 0.8381988930253526 0.8597426725609916 0.8797269324834955 0.8855817179487896 0.8995832440884175 0.9166148591865394 0.9357079124261656 0.9556315633057543 0.9615993583535197 0.9661858169035455 0.9954884515203398 1.007684333736796 1.0196800989449588 1.0275126500728862 1.0629268250040103 1.0836970536737445 1.1735118276120202 1.3893979537184324
18 216 0.33872403466438783 1.4431109543873866 0.8339602590438013 0.8339602590438013 0.8396226222312821 0.877529927963182 0.8845996879279852 0.8947165253908361 0.9055315112387434 0.9310641587731515 0.9439971824355657 0.9616690710237012 0.9671970155183727 0.9926992448094056 0.9955094150221744 1.0224445768199308 1.0306727343206963 1.065082810963722 1.097437053067567 1.1604095711349736 1.4431109543873866
19 228 0.32829422345067166 1.4677054377787557 0.8317221200952089 0.8317221200952089 0.8381931598873279 0.8703170821273453 0.8788179558505679 0.8833414625331268 0.9021914830596517 0.9297633292674402 0.9455179240480275 0.9551843629244342 0.9647958712561235 0.9883526864211446 0.9930744127216743 1.020180095062325 1.028261292001205 1.0585471380679685 1.1108802385537464 1.148004724770733 1.4677054377787557
20 240 0.31859751115452856 1.4632669551458062 0.8270080678608042 0.8270080678608042 0.8328140653446288 0.8583984993122793 0.8729980760247645 0.8770692245231718 0.8990572411713763 0.9191000913750741 0.9447354108427416 0.953264997924709 0.9754571828198545 0.9807752564487773 1.0036134786398259 1.0232930801601146 1.0286106330478098 1.0527619476860832 1.1123146822071488 1.1476632637131419 1.4632669551458062
21 252 0.31442379997313963 1.4717611644608555 0.8165037739349986 0.8165037739349986 0.8292213477302965 0.851906126245714 0.870344876426611 0.8747284793750425 0.9003388497070397 0.9165925337009452 0.9399892953807413 0.9595485658510239 0.9699277502499306 0.9779361183835196 0.9999146182940954 1.0176584649909024 1.03214990278494 1.0592906617233298 1.110881060142214 1.1445691272423042 1.4717611644608555
22 264 0.3092054854960615 1.459533542990349 0.8129233790339276 0.8129233790339276 0.8364050264757085 0.8509761739091672 0.8670560345636882 0.8684804453373651 0.8970454739387966 0.906566903508241 0.9446440081357184 0.9592774960915245 0.964803251774765 0.9760211714367923 0.9947107806548897 1.0039072849138286 1.0306825934916692 1.0566429243032416 1.1189139126076597 1.15182835775638 1.459533542990349
23 276 0.29684779036364 1.4519264435389534 0.8137781168970524 0.8137781168970524 0.8377573830826361 0.8463880039112512 0.8671076803961789 0.8709625561706293 0.8897192853200196 0.9117010411720423 0.935319251440498 0.9516489392932426 0.966490046460694 0.976688615499654 0.9805248188809446 0.9966357195888261 1.0369281125928642 1.051833803091445 1.1428572730584572 1.1589034995774246 1.4519264435389534
24 288 0.2834369980691246 1.442129993845834 0.8147605411754761 0.8147605411754761 0.8379853239019873 0.8414298341222047 0.8600188988873454 0.8708090335754093 0.8942323739466962 0.9085050961218373 0.9306156734684113 0.9474811952011937 0.956736906039158 0.9775642967907872 0.9815972271013881 1.0014893533567522 1.0346087530139119 1.0403261720430126 1.1419869434324452 1.1627238846489096 1.442129993845834
25 300 0.29090968273858986 1.4222562127692508 0.8087377485054071 0.8087377485054071 0.8229247255049856 0.8400950745508332 0.8573848679487078 0.8720373819515946 0.8977519379337072 0.9161032444910027 0.9249764916209483 0.9496528487164212 0.9582747765619242 0.9660332498362713 0.9771892133004015 1.0012812049759512 1.0227913885882391 1.0437863135465406 1.1449471755606486 1.1628237042979126 1.4222562127692508
26 312 0.29794112336907697 1.420336938920734 0.8091032927373131 0.8091032927373131 0.823687742330368 0.8293034427225792 0.8545044000118488 0.8727529303209904 0.8895036220290533 0.9179845409763308 0.9259942499463181 0.9533766210828678 0.9590821838086852 0.9651504868895044 0.9690460238390897 1.0092840802584944 1.0391646406190356 1.0780731008058484 1.1420450467489014 1.1683339667292914 1.420336938920734
27 324 0.3144581003361307 1.4152889932934143 0.7998091597574839 0.7998091597574839 0.810009941242472 0.8285052701777503 0.8489784032345336 0.8640253769420895 0.8879915256268511 0.9172423402014648 0.9208227900274234 0.9583596416951414 0.9596166420122352 0.9628836346116786 0.9827846749738622 1.00953182241095 1.0287718582237522 1.0868395265140265 1.1515681815256598 1.166059639769474 1.4152889932934143
28 336 0.3160452184059183 1.4164604288397342 0.7876047950645796 0.7876047950645796 0.8121441657601064 0.8276392965373885 0.8424015226389198 0.8608840133622048 0.8862466605745632 0.9055489097409258 0.9199593206342024 0.9471546020365518 0.9580473371806155 0.9605942345433098 0.9895981117838041 1.019879527486694 1.0214605707927138 1.0968118439238952 1.1579692183441626 1.1771651267705772 1.4164604288397342
29 348 0.3257884517436431 1.415718587536611 0.7829465454680975 0.7829465454680975 0.8041036334420133 0.8291982352666896 0.8361460839389941 0.8623759130699502 0.8772110382190218 0.8984000334993907 0.9135687814883381 0.9426218815933137 0.9547496517723852 0.9617532343221001 0.9897539050346806 1.0194276452490718 1.0291919481114062 1.1293896647510087 1.1444523480893611 1.191731806477435 1.415718587536611
30 360 0.3344418333507254 1.4106235312455548 0.7809325980050944 0.7809325980050944 0.7997550522708362 0.8179331304238151 0.8295011096204766 0.8698193351816473 0.8744707171429325 0.894033144437484 0.9147614450281609 0.9359089110838987 0.9477944567258627 0.9635545241235851 0.9870043571569587 1.0074161408875781 1.0275920607834619 1.1470139810470983 1.158120836958716 1.212008754208773 1.4106235312455548
31 372 0.3376807940496563 1.3893189716138734 0.7755559362941223 0.7755559362941223 0.801781839135768 0.8226478123924559 0.8281373192967155 0.8684483092781109 0.8748963339581146 0.8852322173120056 0.9067747245193618 0.935989512437931 0.9444166201832322 0.9612648731452133 0.9842390757440214 1.0068000094178224 1.0222717507690073 1.1465054789457327 1.1681762717594988 1.2459165097419058 1.3893189716138734
32 384 0.33126542856048996 1.383122257963539 0.7743684074875741 0.7743684074875741 0.8039803422381833 0.8127657685448058 0.8316081120281292 0.8590776301593239 0.8735492978845624 0.8811783952523267 0.9094541594385691 0.9160713247627078 0.943767667522632 0.962961399760725 0.9821129390612192 0.9996131431961254 1.0282592138925601 1.1436044118204223 1.1622601858717827 1.2726694658118973 1.383122257963539
33 396 0.3311898402366979 1.389622736698832 0.7730594203527108 0.7730594203527108 0.8063308104068014 0.8117480676136399 0.8259872259861438 0.8434209267444808 0.8706938027706796 0.8847528642699829 0.8982717405122415 0.9152622816061702 0.9444957247836467 0.9657300788996179 0.9797995827652156 1.0117740283365662 1.0226150358105277 1.1496399062255378 1.1616058928216326 1.2900405877171492 1.389622736698832
34 408 0.3310192434561771 1.384263405291758 0.7710946225568461 0.7710946225568461 0.8001157895152905 0.8123310945859814 0.8270815867159175 0.8460606489098139 0.8686737620373909 0.8746582794028627 0.895432745924127 0.9124009822196582 0.9441636521595843 0.9447020134087606 0.9921007020448899 1.011926416431707 1.0239585407488516 1.142487873176176 1.1647001831026067 1.3004178558562076 1.384263405291758
35 420 0.33817127588608564 1.3744212443931594 0.7773155728644111 0.7773155728644111 0.7861628470177685 0.7982076047135263 0.8257199052594616 0.842351438508412 0.8624855226246958 0.8794155563892937 0.8859011832107798 0.91101243489772 0.9458494845016636 0.9514967831143021 0.9879480041287717 1.0046019120739798 1.026475208784647 1.1456967407631866 1.1637495189977518 1.331566587554369 1.3744212443931594
36 432 0.3493539019204145 1.3884842161502249 0.7624811557390557 0.7624811557390557 0.7849686919165213 0.8029136215525825 0.822642531572486 0.8364107092486222 0.8628604397962776 0.8776522701859438 0.8837002677006328 0.9137433948570536 0.9411350861848155 0.9592900904111149 0.9816775072659316 1.0049078906579418 1.017541600443237 1.148925302027728 1.1622494945396906 1.3448506729121907 1.3884842161502249
37 444 0.37781772234686667 1.4015643926292365 0.7580864053321413 0.7580864053321413 0.7878503683210705 0.8101889159181759 0.813730572711692 0.8515178716974773 0.8638665801428832 0.8693748549955365 0.8824181798002326 0.9128140444592057 0.9375369251838206 0.9511346394062796 0.9798507812838917 0.9901009800397327 1.0355079908263798 1.149995459939337 1.161882078202995 1.3479211852230386 1.4015643926292365
38 456 0.40496770953938505 1.455077610097251 0.7551961066922803 0.7551961066922803 0.7876829472566558 0.8022265640824838 0.8060806369901234 0.8519750223186561 0.8547958808291367 0.8724463188681219 0.8824578913094463 0.9208105329412842 0.9393468995373507 0.965789250409669 0.9779950446175774 0.996219338825479 1.033207202001996 1.1507951068584625 1.1702660297240912 1.3443954756666718 1.455077610097251
39 468 0.42230257073089505 1.478507955746271 0.7420625030099648 0.7420625030099648 0.786557023687429 0.7949083622967635 0.8107218818836032 0.8473410342709463 0.8567727213768982 0.874532458414125 0.8825202482908127 0.9106113075452046 0.9361392651009448 0.9704340053569043 0.9843512318197228 1.0039945413577358 1.0449446666186495 1.1545968316196804 1.1732866786116944 1.339383289169658 1.478507955746271
40 480 0.4134531829008195 1.5099045618212208 0.7398274902782442 0.7398274902782442 0.7904028295020636 0.8058310352263888 0.8105479346636719 0.840845381342565 0.8587813767705579 0.8760665348517318 0.8816939922340634 0.9062757821337337 0.9400483579984066 0.9590371221542845 0.9888835978869276 1.0072383997553707 1.0573550853393818 1.1596714027492978 1.1642200623071748 1.3284955718788458 1.5099045618212208
41 492 0.40681340847389064 1.5207853232073327 0.7432414311216406 0.7432414311216406 0.7867384416208438 0.7985621126925699 0.8100664666767395 0.8377984046603344 0.8514119330825759 0.8752142258569261 0.8854665478936434 0.9102890326985139 0.9366673151438242 0.9597746118513147 0.9843504103407423 1.0031387477899651 1.0707503103497946 1.148857586568214 1.1762381594347775 1.317981440635057 1.5207853232073327
42 504 0.39629422431859157 1.5113809228875512 0.7364694683596663 0.7364694683596663 0.7851764537986708 0.7999424362867434 0.8116192590128953 0.8307346781011717 0.8441988007710046 0.8728566870258998 0.8836669120861107 0.9046905556331764 0.9307918966914847 0.9529708390314732 0.9780481098609745 1.013205550236997 1.0694241054895683 1.1478566441468037 1.17730724395948 1.3169609562338678 1.5113809228875512
43 516 0.3942095318284144 1.5049466322025826 0.7410450871537535 0.7410450871537535 0.7844739683207055 0.7934268688418835 0.8171075623984952 0.8264477198820475 0.8343903930301179 0.8740632531770415 0.8892506549367045 0.9113191517727298 0.938187031819207 0.9478228606538824 0.9719746839032913 1.011300905867869 1.06392501408059 1.1462488850196417 1.1692288095945946 1.311716364177029 1.5049466322025826
44 528 0.4000540220171294 1.5081265410697917 0.7335259374448715 0.7335259374448715 0.7745430311584837 0.7920019286952661 0.8142769731710081 0.823796960479546 0.8439658833669648 0.8794909255648192 0.8875210745222607 0.9018555001293062 0.9316842302539369 0.9472105383466775 0.9605152449340711 1.015252910616947 1.0614820871276878 1.1408707888354588 1.1708663945143967 1.3265218741743654 1.5081265410697917
45 540 0.39389489234291925 1.4810183751371826 0.7265328607494336 0.7265328607494336 0.7727434932967517 0.7948912069112825 0.8097470406826155 0.8209110070646218 0.8404834467865919 0.8838074174598208 0.8842638351091807 0.9045548183733785 0.930884554707762 0.9496252521058232 0.9592059244018487 1.0263390916288806 1.0661984690506032 1.1462958406451402 1.1736145924323307 1.3384713814362392 1.4810183751371826
46 552 0.3948992489299872 1.4872925250680986 0.7234433614217222 0.7234433614217222 0.7701221492329883 0.7951918798193296 0.8046545182121324 0.8197897692904716 0.8485014551649491 0.8659504382372459 0.8787990915953934 0.9040620258077923 0.9218974925390361 0.9524736857436834 0.9737958657141497 1.025016707727776 1.0638487898455191 1.1554332528967923 1.1757975318871945 1.3496593661378484 1.4872925250680986
47 564 0.38348298116861634 1.4873593744582687 0.7216433436886847 0.7216433436886847 0.7431813161394448 0.7927974452624836 0.8070834668210061 0.8155041221424827 0.8508204132086956 0.8650505432329668 0.8754982471324714 0.9108319455084037 0.9225425871543345 0.971064431335306 0.9787576123685432 1.0229999470157105 1.059955845952731 1.1404101762106367 1.1829065320728103 1.358368074776853 1.4873593744582687
48 576 0.3886159353760596 1.4978717107388084 0.7201748131110912 0.7201748131110912 0.7410696561448622 0.7942877215562543 0.8079216556698584 0.8176425228699239 0.8541752773984841 0.8596363302014044 0.8697449946421664 0.9043612934352815 0.9362227701131276 0.9697200933531925 0.9778812992037942 1.0119608739378936 1.0549221199679648 1.1454951747178412 1.1768071334620274 1.3411842984216409 1.4978717107388084
49 588 0.3959159275457946 1.4935038659971125 0.7177421388756646 0.7177421388756646 0.7513052789803003 0.7942691073828578 0.8047670011150951 0.8132262342737424 0.8455567266117825 0.8638420636943795 0.865429986574227 0.9007371702281796 0.9218601238309873 0.96119310302251 0.9797436030815769 1.0055434311695868 1.058783266553722 1.1469974686179738 1.1983609937724522 1.344052410388179 1.4935038659971125
50 600 0.3793752316202837 1.4811023219088795 0.7205952201977431 0.7205952201977431 0.7478522202123268 0.7804700671616289 0.7936614040065438 0.8187444642132872 0.8495649631775579 0.8592361402115982 0.8636547804626089 0.8981919871164911 0.9233716703732284 0.9499023636337188 0.9801942628429736 1.0167218791781916 1.0859992747370655 1.1516844450139472 1.2012622405727997 1.3563220583550444 1.4811023219088795
50 600 0.3793752316202837 1.4811023219088795 0.7205952201977431 0.7205952201977431 0.7478522202123268 0.7804700671616289 0.7936614040065438 0.8187444642132872 0.8495649631775579 0.8592361402115982 0.8636547804626089 0.8981919871164911 0.9233716703732284 0.9499023636337188 0.9801942628429736 1.0167218791781916 1.0859992747370655 1.1516844450139472 1.2012622405727997 1.3563220583550444 1.4811023219088795
