% # columns="iteration, evaluation, min 25%tile 75%tile max correlation, correlation matrix principal axes lengths  (sorted square roots of eigenvalues of correlation matrix)", seed=140537, Thu Apr  2 03:35:09 2026
1 12 -0.03442011237219499 -0.006572004906130717 0.007713361499849509 0.026079668320244345 0.9572261731122768 0.966484202477494 0.9718443665003975 0.9862169432101324 0.9913834591967752 0.9936432783600806 0.9963847906663302 0.9979809820846042 0.9994452321497144 1.0023978679538728 1.003165902424258 1.0034582873631812 1.0057418030706669 1.006762268072471 1.0103443498582918 1.019224698999553 1.0283372086997835 1.0556811178657513
2 24 -0.04357661822467935 -0.011589844097503244 0.009067606422837556 0.04674639005407786 0.9572261731122768 0.966484202477494 0.9718443665003975 0.9862169432101324 0.9913834591967752 0.9936432783600806 0.9963847906663302 0.9979809820846042 0.9994452321497144 1.0023978679538728 1.003165902424258 1.0034582873631812 1.0057418030706669 1.006762268072471 1.0103443498582918 1.019224698999553 1.0283372086997835 1.0556811178657513
3 36 -0.04417424969348488 -0.010968783683805095 0.011645500805736415 0.061326243842184366 0.9572261731122768 0.966484202477494 0.9718443665003975 0.9862169432101324 0.9913834591967752 0.9936432783600806 0.9963847906663302 0.9979809820846042 0.9994452321497144 1.0023978679538728 1.003165902424258 1.0034582873631812 1.0057418030706669 1.006762268072471 1.0103443498582918 1.019224698999553 1.0283372086997835 1.0556811178657513
4 48 -0.059890651361392495 -0.014833160544374698 0.015465059122659297 0.07382885541240398 0.9572261731122768 0.966484202477494 0.9718443665003975 0.9862169432101324 0.9913834591967752 0.9936432783600806 0.9963847906663302 0.9979809820846042 0.9994452321497144 1.0023978679538728 1.003165902424258 1.0034582873631812 1.0057418030706669 1.006762268072471 1.0103443498582918 1.019224698999553 1.0283372086997835 1.0556811178657513
5 60 -0.06646574817800219 -0.01911284202843657 0.019378600185299417 0.09856851525726566 0.9572261731122768 0.966484202477494 0.9718443665003975 0.9862169432101324 0.9913834591967752 0.9936432783600806 0.9963847906663302 0.9979809820846042 0.9994452321497144 1.0023978679538728 1.003165902424258 1.0034582873631812 1.0057418030706669 1.006762268072471 1.0103443498582918 1.019224698999553 1.0283372086997835 1.0556811178657513
6 72 -0.06477823422263561 -0.02127646955570537 0.0204831343317307 0.10944438574757184 0.9572261731122768 0.966484202477494 0.9718443665003975 0.9862169432101324 0.9913834591967752 0.9936432783600806 0.9963847906663302 0.9979809820846042 0.9994452321497144 1.0023978679538728 1.003165902424258 1.0034582873631812 1.0057418030706669 1.006762268072471 1.0103443498582918 1.019224698999553 1.0283372086997835 1.0556811178657513
7 84 -0.07533949465462332 -0.02277472309856332 0.021509256976089866 0.10205298953281945 0.9572261731122768 0.966484202477494 0.9718443665003975 0.9862169432101324 0.9913834591967752 0.9936432783600806 0.9963847906663302 0.9979809820846042 0.9994452321497144 1.0023978679538728 1.003165902424258 1.0034582873631812 1.0057418030706669 1.006762268072471 1.0103443498582918 1.019224698999553 1.0283372086997835 1.0556811178657513
8 96 -0.09526841756832974 -0.02705607329078088 0.023685167996699244 0.11627153005335611 0.9572261731122768 0.966484202477494 0.9718443665003975 0.9862169432101324 0.9913834591967752 0.9936432783600806 0.9963847906663302 0.9979809820846042 0.9994452321497144 1.0023978679538728 1.003165902424258 1.0034582873631812 1.0057418030706669 1.006762268072471 1.0103443498582918 1.019224698999553 1.0283372086997835 1.0556811178657513
9 108 -0.11006816969502226 -0.02540935269983135 0.027870625417468056 0.11820624455499704 0.9572261731122768 0.966484202477494 0.9718443665003975 0.9862169432101324 0.9913834591967752 0.9936432783600806 0.9963847906663302 0.9979809820846042 0.9994452321497144 1.0023978679538728 1.003165902424258 1.0034582873631812 1.0057418030706669 1.006762268072471 1.0103443498582918 1.019224698999553 1.0283372086997835 1.0556811178657513
10 120 -0.09800043671566894 -0.0264106777592224 0.023566632018987038 0.11897608619580502 0.9572261731122768 0.966484202477494 0.9718443665003975 0.9862169432101324 0.9913834591967752 0.9936432783600806 0.9963847906663302 0.9979809820846042 0.9994452321497144 1.0023978679538728 1.003165902424258 1.0034582873631812 1.0057418030706669 1.006762268072471 1.0103443498582918 1.019224698999553 1.0283372086997835 1.0556811178657513
11 132 -0.11495882433711227 -0.026832252545019777 0.032730182866613174 0.1184521436949389 0.9572261731122768 0.966484202477494 0.9718443665003975 0.9862169432101324 0.9913834591967752 0.9936432783600806 0.9963847906663302 0.9979809820846042 0.9994452321497144 1.0023978679538728 1.003165902424258 1.0034582873631812 1.0057418030706669 1.006762268072471 1.0103443498582918 1.019224698999553 1.0283372086997835 1.0556811178657513
12 144 -0.13311029618551484 -0.025359752955959387 0.032551245688028294 0.12843523476800142 0.9572261731122768 0.966484202477494 0.9718443665003975 0.9862169432101324 0.9913834591967752 0.9936432783600806 0.9963847906663302 0.9979809820846042 0.9994452321497144 1.0023978679538728 1.003165902424258 1.0034582873631812 1.0057418030706669 1.006762268072471 1.0103443498582918 1.019224698999553 1.0283372086997835 1.0556811178657513
13 156 -0.13210629402367566 -0.02572581606930175 0.02984753373158421 0.1350691238696802 0.9572261731122768 0.966484202477494 0.9718443665003975 0.9862169432101324 0.9913834591967752 0.9936432783600806 0.9963847906663302 0.9979809820846042 0.9994452321497144 1.0023978679538728 1.003165902424258 1.0034582873631812 1.0057418030706669 1.006762268072471 1.0103443498582918 1.019224698999553 1.0283372086997835 1.0556811178657513
14 168 -0.13315105907746486 -0.034583927919979385 0.03753328807839476 0.14500052656727677 0.9572261731122768 0.966484202477494 0.9718443665003975 0.9862169432101324 0.9913834591967752 0.9936432783600806 0.9963847906663302 0.9979809820846042 0.9994452321497144 1.0023978679538728 1.003165902424258 1.0034582873631812 1.0057418030706669 1.006762268072471 1.0103443498582918 1.019224698999553 1.0283372086997835 1.0556811178657513
15 180 -0.14974962218403345 -0.03831377681198883 0.03960685526282022 0.15409358884065727 0.9572261731122768 0.966484202477494 0.9718443665003975 0.9862169432101324 0.9913834591967752 0.9936432783600806 0.9963847906663302 0.9979809820846042 0.9994452321497144 1.0023978679538728 1.003165902424258 1.0034582873631812 1.0057418030706669 1.006762268072471 1.0103443498582918 1.019224698999553 1.0283372086997835 1.0556811178657513
16 192 -0.15650595792251393 -0.042983297043898715 0.04398317414890156 0.16932474994016716 0.9572261731122768 0.966484202477494 0.9718443665003975 0.9862169432101324 0.9913834591967752 0.9936432783600806 0.9963847906663302 0.9979809820846042 0.9994452321497144 1.0023978679538728 1.003165902424258 1.0034582873631812 1.0057418030706669 1.006762268072471 1.0103443498582918 1.019224698999553 1.0283372086997835 1.0556811178657513
17 204 -0.1756713877369548 -0.0492773589821583 0.05341416355699455 0.19136760382523152 0.9572261731122768 0.966484202477494 0.9718443665003975 0.9862169432101324 0.9913834591967752 0.9936432783600806 0.9963847906663302 0.9979809820846042 0.9994452321497144 1.0023978679538728 1.003165902424258 1.0034582873631812 1.0057418030706669 1.006762268072471 1.0103443498582918 1.019224698999553 1.0283372086997835 1.0556811178657513
18 216 -0.18989863685670375 -0.0513870001248628 0.04658432865993416 0.21710821890779336 0.9572261731122768 0.966484202477494 0.9718443665003975 0.9862169432101324 0.9913834591967752 0.9936432783600806 0.9963847906663302 0.9979809820846042 0.9994452321497144 1.0023978679538728 1.003165902424258 1.0034582873631812 1.0057418030706669 1.006762268072471 1.0103443498582918 1.019224698999553 1.0283372086997835 1.0556811178657513
19 228 -0.20599021955463462 -0.053438584170409364 0.04657845571472699 0.21023350507037866 0.8244848337531064 0.8370308395553125 0.859335835057495 0.8642324407018668 0.8808488666975856 0.9026011724443643 0.9315857904460171 0.9495521847060577 0.9531176039081397 0.9779943037078848 0.9921105915489853 1.0186400550438577 1.0277960884914188 1.0370871351337985 1.0662562512167832 1.101188371215962 1.1537192514056702 1.440432377273247
20 240 -0.20579034960144715 -0.05257070655736034 0.04572267613358862 0.21414970563332889 0.8244848337531064 0.8370308395553125 0.859335835057495 0.8642324407018668 0.8808488666975856 0.9026011724443643 0.9315857904460171 0.9495521847060577 0.9531176039081397 0.9779943037078848 0.9921105915489853 1.0186400550438577 1.0277960884914188 1.0370871351337985 1.0662562512167832 1.101188371215962 1.1537192514056702 1.440432377273247
21 252 -0.1991924547139083 -0.051775985823445614 0.04669262453057059 0.22769438469552825 0.8244848337531064 0.8370308395553125 0.859335835057495 0.8642324407018668 0.8808488666975856 0.9026011724443643 0.9315857904460171 0.9495521847060577 0.9531176039081397 0.9779943037078848 0.9921105915489853 1.0186400550438577 1.0277960884914188 1.0370871351337985 1.0662562512167832 1.101188371215962 1.1537192514056702 1.440432377273247
22 264 -0.2024784238576273 -0.05020121562818375 0.04824328436971406 0.21985171792433628 0.8244848337531064 0.8370308395553125 0.859335835057495 0.8642324407018668 0.8808488666975856 0.9026011724443643 0.9315857904460171 0.9495521847060577 0.9531176039081397 0.9779943037078848 0.9921105915489853 1.0186400550438577 1.0277960884914188 1.0370871351337985 1.0662562512167832 1.101188371215962 1.1537192514056702 1.440432377273247
23 276 -0.20736116529733278 -0.05393137647484377 0.043111203229194456 0.21799028157604528 0.8244848337531064 0.8370308395553125 0.859335835057495 0.8642324407018668 0.8808488666975856 0.9026011724443643 0.9315857904460171 0.9495521847060577 0.9531176039081397 0.9779943037078848 0.9921105915489853 1.0186400550438577 1.0277960884914188 1.0370871351337985 1.0662562512167832 1.101188371215962 1.1537192514056702 1.440432377273247
24 288 -0.2049490767576597 -0.0507479672899821 0.0499091225212954 0.21753796214074533 0.8244848337531064 0.8370308395553125 0.859335835057495 0.8642324407018668 0.8808488666975856 0.9026011724443643 0.9315857904460171 0.9495521847060577 0.9531176039081397 0.9779943037078848 0.9921105915489853 1.0186400550438577 1.0277960884914188 1.0370871351337985 1.0662562512167832 1.101188371215962 1.1537192514056702 1.440432377273247
25 300 -0.2117964839609093 -0.049669876034768565 0.042543814522080475 0.21506731689813316 0.8244848337531064 0.8370308395553125 0.859335835057495 0.8642324407018668 0.8808488666975856 0.9026011724443643 0.9315857904460171 0.9495521847060577 0.9531176039081397 0.9779943037078848 0.9921105915489853 1.0186400550438577 1.0277960884914188 1.0370871351337985 1.0662562512167832 1.101188371215962 1.1537192514056702 1.440432377273247
26 312 -0.2114969387602264 -0.05262512019627731 0.04117948530637423 0.21275079189431287 0.8244848337531064 0.8370308395553125 0.859335835057495 0.8642324407018668 0.8808488666975856 0.9026011724443643 0.9315857904460171 0.9495521847060577 0.9531176039081397 0.9779943037078848 0.9921105915489853 1.0186400550438577 1.0277960884914188 1.0370871351337985 1.0662562512167832 1.101188371215962 1.1537192514056702 1.440432377273247
27 324 -0.20758460017754835 -0.05413233097544595 0.03521883871859738 0.21997238096490632 0.8244848337531064 0.8370308395553125 0.859335835057495 0.8642324407018668 0.8808488666975856 0.9026011724443643 0.9315857904460171 0.9495521847060577 0.9531176039081397 0.9779943037078848 0.9921105915489853 1.0186400550438577 1.0277960884914188 1.0370871351337985 1.0662562512167832 1.101188371215962 1.1537192514056702 1.440432377273247
28 336 -0.20195219743531548 -0.056866679901926294 0.03929802955748003 0.21524025551936452 0.8244848337531064 0.8370308395553125 0.859335835057495 0.8642324407018668 0.8808488666975856 0.9026011724443643 0.9315857904460171 0.9495521847060577 0.9531176039081397 0.9779943037078848 0.9921105915489853 1.0186400550438577 1.0277960884914188 1.0370871351337985 1.0662562512167832 1.101188371215962 1.1537192514056702 1.440432377273247
29 348 -0.21034274636271433 -0.05938579183224728 0.043310545511918985 0.2100938714277425 0.8244848337531064 0.8370308395553125 0.859335835057495 0.8642324407018668 0.8808488666975856 0.9026011724443643 0.9315857904460171 0.9495521847060577 0.9531176039081397 0.9779943037078848 0.9921105915489853 1.0186400550438577 1.0277960884914188 1.0370871351337985 1.0662562512167832 1.101188371215962 1.1537192514056702 1.440432377273247
30 360 -0.19953095909973154 -0.05523389725334441 0.04368520021928439 0.21205929346420327 0.8244848337531064 0.8370308395553125 0.859335835057495 0.8642324407018668 0.8808488666975856 0.9026011724443643 0.9315857904460171 0.9495521847060577 0.9531176039081397 0.9779943037078848 0.9921105915489853 1.0186400550438577 1.0277960884914188 1.0370871351337985 1.0662562512167832 1.101188371215962 1.1537192514056702 1.440432377273247
31 372 -0.19651944063073243 -0.0567947508525648 0.041845186167179596 0.21323219837614646 0.8244848337531064 0.8370308395553125 0.859335835057495 0.8642324407018668 0.8808488666975856 0.9026011724443643 0.9315857904460171 0.9495521847060577 0.9531176039081397 0.9779943037078848 0.9921105915489853 1.0186400550438577 1.0277960884914188 1.0370871351337985 1.0662562512167832 1.101188371215962 1.1537192514056702 1.440432377273247
32 384 -0.1911944844953193 -0.06187667784242839 0.04136862599841797 0.21251980749342045 0.8244848337531064 0.8370308395553125 0.859335835057495 0.8642324407018668 0.8808488666975856 0.9026011724443643 0.9315857904460171 0.9495521847060577 0.9531176039081397 0.9779943037078848 0.9921105915489853 1.0186400550438577 1.0277960884914188 1.0370871351337985 1.0662562512167832 1.101188371215962 1.1537192514056702 1.440432377273247
33 396 -0.20608236782488507 -0.06649113769047046 0.04126609675583214 0.19954656840061757 0.8244848337531064 0.8370308395553125 0.859335835057495 0.8642324407018668 0.8808488666975856 0.9026011724443643 0.9315857904460171 0.9495521847060577 0.9531176039081397 0.9779943037078848 0.9921105915489853 1.0186400550438577 1.0277960884914188 1.0370871351337985 1.0662562512167832 1.101188371215962 1.1537192514056702 1.440432377273247
34 408 -0.21478122964463592 -0.06277276022273773 0.04212397392781037 0.20890402483758658 0.8244848337531064 0.8370308395553125 0.859335835057495 0.8642324407018668 0.8808488666975856 0.9026011724443643 0.9315857904460171 0.9495521847060577 0.9531176039081397 0.9779943037078848 0.9921105915489853 1.0186400550438577 1.0277960884914188 1.0370871351337985 1.0662562512167832 1.101188371215962 1.1537192514056702 1.440432377273247
35 420 -0.21472743460522714 -0.06222604839092349 0.04417096396245414 0.2348751146949186 0.8244848337531064 0.8370308395553125 0.859335835057495 0.8642324407018668 0.8808488666975856 0.9026011724443643 0.9315857904460171 0.9495521847060577 0.9531176039081397 0.9779943037078848 0.9921105915489853 1.0186400550438577 1.0277960884914188 1.0370871351337985 1.0662562512167832 1.101188371215962 1.1537192514056702 1.440432377273247
36 432 -0.20787816375710574 -0.06510604251157637 0.04962221140156778 0.2311621660899187 0.8244848337531064 0.8370308395553125 0.859335835057495 0.8642324407018668 0.8808488666975856 0.9026011724443643 0.9315857904460171 0.9495521847060577 0.9531176039081397 0.9779943037078848 0.9921105915489853 1.0186400550438577 1.0277960884914188 1.0370871351337985 1.0662562512167832 1.101188371215962 1.1537192514056702 1.440432377273247
37 444 -0.2147216215913362 -0.06457246500864003 0.053325802900028446 0.2462484354624043 0.7475932215302634 0.7755381648673103 0.814790036016457 0.8178650315777088 0.850051311890451 0.8739449845507474 0.8977451296379337 0.9045945671645298 0.9456857814058393 0.964578684837395 0.9870819718404933 1.00601930358029 1.0365221488481056 1.0799105873940007 1.1645466597611327 1.1758537010834076 1.2596133045537594 1.4209515604138647
38 456 -0.2213847106350083 -0.06104096870262732 0.05177151468221024 0.2528546664647404 0.7475932215302634 0.7755381648673103 0.814790036016457 0.8178650315777088 0.850051311890451 0.8739449845507474 0.8977451296379337 0.9045945671645298 0.9456857814058393 0.964578684837395 0.9870819718404933 1.00601930358029 1.0365221488481056 1.0799105873940007 1.1645466597611327 1.1758537010834076 1.2596133045537594 1.4209515604138647
39 468 -0.23747281288048197 -0.067775917836763 0.05130895999350151 0.26810654415307505 0.7475932215302634 0.7755381648673103 0.814790036016457 0.8178650315777088 0.850051311890451 0.8739449845507474 0.8977451296379337 0.9045945671645298 0.9456857814058393 0.964578684837395 0.9870819718404933 1.00601930358029 1.0365221488481056 1.0799105873940007 1.1645466597611327 1.1758537010834076 1.2596133045537594 1.4209515604138647
40 480 -0.2513992038550382 -0.06980332099241131 0.05881079943427233 0.2717675264316788 0.7475932215302634 0.7755381648673103 0.814790036016457 0.8178650315777088 0.850051311890451 0.8739449845507474 0.8977451296379337 0.9045945671645298 0.9456857814058393 0.964578684837395 0.9870819718404933 1.00601930358029 1.0365221488481056 1.0799105873940007 1.1645466597611327 1.1758537010834076 1.2596133045537594 1.4209515604138647
41 492 -0.25747719521090545 -0.07027538069808525 0.055099269068953544 0.27727299675188916 0.7475932215302634 0.7755381648673103 0.814790036016457 0.8178650315777088 0.850051311890451 0.8739449845507474 0.8977451296379337 0.9045945671645298 0.9456857814058393 0.964578684837395 0.9870819718404933 1.00601930358029 1.0365221488481056 1.0799105873940007 1.1645466597611327 1.1758537010834076 1.2596133045537594 1.4209515604138647
42 504 -0.25840288183895127 -0.07047855444069742 0.05721785484318266 0.27622617365348295 0.7475932215302634 0.7755381648673103 0.814790036016457 0.8178650315777088 0.850051311890451 0.8739449845507474 0.8977451296379337 0.9045945671645298 0.9456857814058393 0.964578684837395 0.9870819718404933 1.00601930358029 1.0365221488481056 1.0799105873940007 1.1645466597611327 1.1758537010834076 1.2596133045537594 1.4209515604138647
43 516 -0.27330467430065697 -0.06844740664556032 0.054716865480470125 0.28753302601675224 0.7475932215302634 0.7755381648673103 0.814790036016457 0.8178650315777088 0.850051311890451 0.8739449845507474 0.8977451296379337 0.9045945671645298 0.9456857814058393 0.964578684837395 0.9870819718404933 1.00601930358029 1.0365221488481056 1.0799105873940007 1.1645466597611327 1.1758537010834076 1.2596133045537594 1.4209515604138647
44 528 -0.2706222348903793 -0.0729867321453801 0.05753496550041727 0.27225691509663696 0.7475932215302634 0.7755381648673103 0.814790036016457 0.8178650315777088 0.850051311890451 0.8739449845507474 0.8977451296379337 0.9045945671645298 0.9456857814058393 0.964578684837395 0.9870819718404933 1.00601930358029 1.0365221488481056 1.0799105873940007 1.1645466597611327 1.1758537010834076 1.2596133045537594 1.4209515604138647
45 540 -0.2799839366124369 -0.07410400876906327 0.06267515595603156 0.28483698734401525 0.7475932215302634 0.7755381648673103 0.814790036016457 0.8178650315777088 0.850051311890451 0.8739449845507474 0.8977451296379337 0.9045945671645298 0.9456857814058393 0.964578684837395 0.9870819718404933 1.00601930358029 1.0365221488481056 1.0799105873940007 1.1645466597611327 1.1758537010834076 1.2596133045537594 1.4209515604138647
46 552 -0.3014320241548667 -0.0694944255423036 0.05945431871793426 0.2929306130107896 0.7475932215302634 0.7755381648673103 0.814790036016457 0.8178650315777088 0.850051311890451 0.8739449845507474 0.8977451296379337 0.9045945671645298 0.9456857814058393 0.964578684837395 0.9870819718404933 1.00601930358029 1.0365221488481056 1.0799105873940007 1.1645466597611327 1.1758537010834076 1.2596133045537594 1.4209515604138647
47 564 -0.3007226577011119 -0.06563509168377293 0.05952603418246815 0.30212242368182385 0.7475932215302634 0.7755381648673103 0.814790036016457 0.8178650315777088 0.850051311890451 0.8739449845507474 0.8977451296379337 0.9045945671645298 0.9456857814058393 0.964578684837395 0.9870819718404933 1.00601930358029 1.0365221488481056 1.0799105873940007 1.1645466597611327 1.1758537010834076 1.2596133045537594 1.4209515604138647
48 576 -0.30167649457534995 -0.07316858509194832 0.05940064456974692 0.30531850038077335 0.7475932215302634 0.7755381648673103 0.814790036016457 0.8178650315777088 0.850051311890451 0.8739449845507474 0.8977451296379337 0.9045945671645298 0.9456857814058393 0.964578684837395 0.9870819718404933 1.00601930358029 1.0365221488481056 1.0799105873940007 1.1645466597611327 1.1758537010834076 1.2596133045537594 1.4209515604138647
49 588 -0.2975609317967376 -0.06512663726358991 0.06394499809449945 0.3187798806360004 0.7475932215302634 0.7755381648673103 0.814790036016457 0.8178650315777088 0.850051311890451 0.8739449845507474 0.8977451296379337 0.9045945671645298 0.9456857814058393 0.964578684837395 0.9870819718404933 1.00601930358029 1.0365221488481056 1.0799105873940007 1.1645466597611327 1.1758537010834076 1.2596133045537594 1.4209515604138647
50 600 -0.29904525749326405 -0.06789403651934667 0.058668387942042155 0.3199765907680044 0.7475932215302634 0.7755381648673103 0.814790036016457 0.8178650315777088 0.850051311890451 0.8739449845507474 0.8977451296379337 0.9045945671645298 0.9456857814058393 0.964578684837395 0.9870819718404933 1.00601930358029 1.0365221488481056 1.0799105873940007 1.1645466597611327 1.1758537010834076 1.2596133045537594 1.4209515604138647
50 600 -0.29904525749326405 -0.06789403651934667 0.058668387942042155 0.3199765907680044 0.7475932215302634 0.7755381648673103 0.814790036016457 0.8178650315777088 0.850051311890451 0.8739449845507474 0.8977451296379337 0.9045945671645298 0.9456857814058393 0.964578684837395 0.9870819718404933 1.00601930358029 1.0365221488481056 1.0799105873940007 1.1645466597611327 1.1758537010834076 1.2596133045537594 1.4209515604138647
